159
188
202
40
166
36
220
35
79
16
41
88
258
246
192
199
230
4
10
151
7
265
139
6
156
73
135
145
137
21
208
27
207
229
20
107
132
2
243
144
33
190
17
198
163
109
34
119
168
242
186
111
94
193
260
96
161
173
84
177
13
106
52
72
191
183
123
133
171
46
55
126
1
9
48
14
223
124
65
5
157
206
24
44
172
253
233
15
118
170
90
149
117
43
71
82
18
200
12
75
221
182
256
38
142
22
212
259
195
219
234
194
222
63
169
89
245
110
74
178
93
59
25
181
232
150
68
128
97
78
257
23
130
11
134
255
153
160
85
104
226
98
176
102
264
50
216
115
108
56
30
249
158
237
196
120
114
66
213
141
140
91
241
224
70
165
146
57
205
131
214
58
100
228
92
164
87
180
148
95
31
112
127
138
69
136
201
209
147
252
28
83
121
60
53
3
217
263
236
49
247
19
8
187
42
80
47
54
175
179
113
254
235
77
76
116
197
185
86
227
239
67
174
231
81
189
204
61
105
210
203
37
261
152
155
45
262
240
218
225
32
250
125
64
51
238
162
184
167
154
143
62
248
39
122
101
244
215
129
26
99
211
251
29