211
169
234
56
89
189
7
30
198
143
137
225
57
221
207
175
77
263
58
214
68
14
125
193
180
29
136
176
40
229
12
203
5
42
62
22
11
21
174
232
72
122
27
244
132
45
223
101
219
146
70
97
10
82
37
3
4
133
261
179
194
200
255
151
257
55
209
135
17
251
130
38
33
163
192
250
63
178
6
161
99
31
213
32
119
85
224
34
79
78
262
116
73
126
48
212
91
93
75
210
43
164
258
9
102
154
265
173
155
141
220
35
95
83
160
252
222
237
74
25
256
23
172
105
100
230
113
66
242
147
104
186
129
124
217
182
107
108
190
208
167
243
110
206
18
123
92
205
71
245
233
195
8
181
16
15
170
114
159
65
76
145
196
177
158
259
149
112
121
171
153
238
138
201
94
162
69
228
39
216
2
117
98
50
187
128
254
184
20
246
152
60
150
44
13
197
120
199
204
52
185
165
109
84
239
144
26
1
156
226
235
142
134
81
148
54
118
231
140
188
64
241
248
139
227
202
96
166
218
157
28
115
90
51
260
106
36
111
168
41
253
47
183
131
236
249
80
87
67
264
88
247
240
59
19
49
86
191
53
24
215
127
46
61