102
161
177
213
225
150
257
65
168
192
163
24
37
109
145
208
42
223
264
54
198
230
218
70
87
91
184
12
137
119
216
71
64
36
224
5
162
169
263
172
206
148
178
242
10
236
33
55
76
249
19
189
40
136
135
214
186
241
254
41
26
79
111
118
151
197
226
239
63
98
29
46
258
66
212
232
143
166
217
222
95
121
152
174
149
188
237
20
231
233
75
89
4
85
243
262
56
259
38
138
196
176
120
18
204
16
195
244
1
123
60
167
154
164
265
227
47
51
68
125
211
78
67
221
96
115
131
146
21
23
191
82
50
112
165
173
15
202
74
28
90
122
81
170
250
219
34
30
142
100
157
205
83
32
190
253
107
80
44
117
144
39
49
59
3
62
57
209
99
160
240
247
260
194
246
7
93
101
141
147
182
193
235
252
88
97
207
245
108
132
220
256
6
84
106
234
113
187
31
114
129
159
53
251
130
128
133
17
238
35
248
155
156
171
43
52
261
200
8
105
140
210
229
25
255
11
183
58
77
153
215
228
48
2
181
203
61
139
201
127
86
45
69
158
116
134
14
94
73
27
185
72
13
126
124
179
175
22
92
9
180