75
22
200
250
133
239
255
20
77
209
246
159
214
125
99
221
64
143
185
29
78
245
160
135
46
151
26
249
165
19
229
175
42
35
182
38
44
191
206
6
74
112
28
150
31
240
84
40
34
230
92
43
116
119
186
237
131
11
91
41
76
146
179
236
218
157
172
220
54
207
129
166
121
85
167
254
195
252
170
53
148
50
51
93
14
203
134
226
16
193
83
198
174
72
201
192
8
7
181
117
100
213
234
57
196
189
94
106
163
244
152
47
32
173
122
222
95
86
138
178
261
257
156
211
127
130
247
9
263
141
158
79
39
67
142
15
147
183
219
144
238
118
124
68
89
210
37
223
97
108
248
177
115
13
56
18
233
69
33
140
111
90
204
65
52
120
45
212
70
55
225
139
180
235
136
24
101
109
155
49
23
197
58
184
253
162
113
123
63
71
27
48
194
126
132
251
145
228
264
5
10
4
187
256
3
258
154
188
25
202
161
59
2
66
243
169
36
227
176
82
102
98
60
137
217
265
190
80
87
128
262
30
12
21
216
242
259
168
208
81
232
153
231
224
88
107
171
241
149
73
260
61
62
215
164
114
205
17
1
96