153
189
216
198
40
97
9
124
184
29
157
83
98
102
56
187
172
213
89
171
10
215
61
106
11
203
55
74
158
116
134
251
99
167
242
25
63
15
51
246
4
202
18
92
144
112
191
186
48
161
71
214
194
228
52
156
36
60
22
12
79
105
165
237
180
68
65
27
2
137
147
185
233
260
72
254
90
204
166
149
234
113
256
115
179
225
145
62
64
6
138
168
162
248
82
47
226
109
177
229
230
88
131
96
121
151
259
34
176
129
101
86
108
133
67
53
94
117
146
170
41
32
77
84
169
232
111
221
26
33
76
252
236
142
188
195
244
205
250
91
126
132
155
159
238
81
120
57
222
3
163
178
181
45
70
139
1
118
253
85
107
231
193
136
201
42
265
43
54
75
255
130
218
261
210
21
263
206
30
140
223
212
219
200
46
190
87
240
16
17
23
196
7
58
173
35
78
127
141
49
264
128
211
44
197
73
8
207
80
123
59
247
243
262
19
100
217
38
148
114
13
5
160
174
152
239
39
24
69
224
122
14
28
143
150
249
93
125
245
227
37
31
110
119
164
20
192
235
258
66
50
175
209
135
182
208
220
241
257
95
183
154