144
181
94
117
162
135
137
153
102
5
134
244
63
225
16
139
45
23
42
190
67
121
195
234
105
56
38
100
147
133
219
222
207
202
93
106
113
30
210
200
159
212
208
178
79
256
77
88
47
229
61
155
35
84
2
99
197
194
185
68
199
196
86
10
235
15
253
214
128
80
141
233
237
27
41
83
66
191
59
258
188
193
206
1
131
65
213
175
50
231
148
124
245
171
182
24
64
154
107
132
224
39
97
179
248
215
57
9
165
52
60
54
44
119
92
167
247
3
120
151
130
51
252
43
115
58
204
166
29
250
96
126
184
28
220
33
180
90
238
156
4
260
189
261
129
243
168
203
19
138
150
174
25
122
53
109
254
125
111
230
49
157
236
192
21
12
40
216
22
242
14
183
116
72
173
232
172
251
82
160
136
198
240
26
48
221
255
81
170
209
249
164
218
70
118
95
226
177
31
89
259
123
20
262
163
145
127
37
239
114
187
85
201
13
32
36
149
146
227
46
98
11
257
112
91
18
87
265
143
34
6
69
205
264
142
152
211
158
74
223
62
7
101
8
217
161
246
55
108
228
176
75
71
263
17
73
140
186
169
76
241
78